# 50 10 0 0
# 5 0.5 0 20
* 0.5 0.5 10 20
# 23 0.5 11 20
* 0.5 0.5 57 20
# 20 0.5 58 20
* 0.5 0.5 98 20
# 0.5 0.5 99 20
# 50 0.5 0 21
# 7.5 0.5 0 22
* 0.5 0.5 15 22
# 1 0.5 16 22
* 0.5 0.5 18 22
# 6 0.5 19 22
* 0.5 0.5 31 22
# 19 0.5 32 22
* 1 0.5 70 22
# 14 0.5 72 22
# 50 0.5 0 23
# 2.5 0.5 0 24
* 0.5 0.5 5 24
# 40.5 0.5 6 24
# 0.5 0.5 87 24
# 6 0.5 88 24
# 50 2.5 0 25
# 4 12 100 7
# 8 10 108 20
# 3 12 124 12
# 4 12 130 20
# 2 20 138 0
# 2 20 142 0
# 2 20 146 0
# 9 20 150 0
# 8 20 168 7
# 3 20 184 12
# 2 20 190 10
# 10 20 194 7